{
	"oddsWeight": 23.495547466862078,
	"timeAveWin": 0.13455051350591204,
	"timeAveLose": 0.056378427270804915,
	"winPercentageWeight": 0.009168511770104219,
	"crowdFavorWeight": 0.003033731856787435,
	"illumFavorWeight": 0.008626489158629382,
	"wX": 0.009003594606719501,
	"wS": 6.187265315047782,
	"wA": 1.8330225507895643,
	"wB": 7.344916524345072,
	"wP": 0.7043340348838729,
	"wU": 1.7768446466388934,
	"lX": 3.1267884804591,
	"lS": 8.018367463531659,
	"lA": 0.22297170737304162,
	"lB": 5.5508093676795704,
	"lP": 0.009545544340486654,
	"lU": 0.00908439404379367,
	"oX": 2.001029672619658,
	"oS": 6.347419401700674,
	"oA": 0.24333486214220298,
	"oB": 0.008047018851245999,
	"oP": 0.0007497382183783007,
	"oU": 6.565866166711683,
	"wtX": 2.416804567935712,
	"wtS": 2.169336543688009,
	"wtA": 0.009047637119864671,
	"wtB": 0.8277702118325607,
	"wtP": 6.57474867277036,
	"wtU": 4.0745965261537505,
	"ltX": 1.4218488260703621,
	"ltS": 4.802019326347734,
	"ltA": 0.01015216462225711,
	"ltB": 0.010057266798763814,
	"ltP": 0.7819712403441662,
	"ltU": 3.23494139190875
}
