{
	"oddsWeight": 3.6697843393798886,
	"timeWeight": 0.5,
	"winPercentageWeight": 1,
	"crowdFavorWeight": 0.7055170755165155,
	"illumFavorWeight": 1,
	"wX": 0.2073454800703492,
	"wS": 12.0906082630695,
	"wA": 7.509018601967533,
	"wB": 1.3070840137459832,
	"wP": 0.6507257357558891,
	"wU": 0.5,
	"lX": 1,
	"lS": 1.8471130467188797,
	"lA": 0.25648601999325044,
	"lB": 4,
	"lP": 5,
	"lU": 0.5,
	"oX": 1.296325629711329,
	"oS": 4,
	"oA": 3,
	"oB": 0.18605869138487827,
	"oP": 0.5809957705026872,
	"oU": 0.18239716031947562,
	"wtX": 14.435761524405065,
	"wtS": 4,
	"wtA": 3,
	"wtB": 1.2125468398767496,
	"wtP": 1,
	"wtU": 0.03886080694667771,
	"ltX": 0.15710560052235914,
	"ltS": 2,
	"ltA": 3,
	"ltB": 4,
	"ltP": 3.28728897701122,
	"ltU": 0.5,
	"rank": 1
}
