{
	"oddsWeight": 0.08245017444407998,
	"timeWeight": 0.000342853511641888,
	"winPercentageWeight": 1.8097632582403305,
	"crowdFavorWeight": 0.000008689278737894414,
	"illumFavorWeight": 0.00023231239294931256,
	"wX": 1310.3919731612455,
	"wS": 90.40566586601547,
	"wA": 16.34743751457239,
	"wB": 0.33249435593488996,
	"wP": 0.006246208048726857,
	"wU": 0.2606041853104779,
	"lX": 7.928615103947432e-8,
	"lS": 0.25510127516399234,
	"lA": 27.169621125460733,
	"lB": 255.5147202759006,
	"lP": 0.004934402174215657,
	"lU": 0.8597623679672588,
	"oX": 3.8692619635917374,
	"oS": 457.3657805153241,
	"oA": 8.895848888468866,
	"oB": 0.5934296930652024,
	"oP": 0.025040114473270658,
	"oU": 0.00004051551109057278,
	"wtX": 10.579977434333863,
	"wtS": 0.0692703170327128,
	"wtA": 0.004681824742671174,
	"wtB": 0.8856473156648021,
	"wtP": 0.13294748403602835,
	"wtU": 0.14875277736123302,
	"ltX": 39.40189166593863,
	"ltS": 12.573146347616374,
	"ltA": 0.049497995988085845,
	"ltB": 0.0012485356659549213,
	"ltP": 0.013613838269782318,
	"ltU": 0.0015975306236911465,
	"rank": 1
}
