{
	"oddsWeight": 2.7248594367806254,
	"timeWeight": 0.4142628220434292,
	"winPercentageWeight": 2.904177129809206,
	"crowdFavorWeight": 0.00007381152380565521,
	"illumFavorWeight": 0.025018564349255156,
	"wX": 78.6702533808306,
	"wS": 39.96541158378404,
	"wA": 8.110224047124055,
	"wB": 0.17924229090574,
	"wP": 0.28197563009171933,
	"wU": 0.24551721482922595,
	"lX": 0.0035294705475565477,
	"lS": 0.09842689380317238,
	"lA": 23.445487059171082,
	"lB": 344.3909229187276,
	"lP": 0.022792849650251332,
	"lU": 0.3293549585708399,
	"oX": 75.76597869872178,
	"oS": 937.1826227967936,
	"oA": 8.52272176835929,
	"oB": 0.12238590602155304,
	"oP": 27.915605108846343,
	"oU": 0.0011430898918325344,
	"wtX": 18.691420524613736,
	"wtS": 2.3562536412226245,
	"wtA": 0.014664289978246666,
	"wtB": 2.003274720481251,
	"wtP": 301.286000577882,
	"wtU": 2.657464479010269,
	"ltX": 31.06833874870839,
	"ltS": 30.417667241302954,
	"ltA": 2.239130617581859,
	"ltB": 0.0040873625577594365,
	"ltP": 0.0071712636643947135,
	"ltU": 1.3471612403559403,
	"rank": 1
}
