{
	"oddsWeight": 1.8549966520931462,
	"timeWeight": 1.1031189409244249,
	"winPercentageWeight": 2.9077989478042916,
	"crowdFavorWeight": 0.007477531647672923,
	"illumFavorWeight": 0.000011116840153385782,
	"minimumCombinedConfidenceForLargeBet": 1.4371229142792283,
	"minimumMatchesForLargeBet": 2.56517157809638,
	"useMinCon": 0.18157076872640776,
	"useMinMat": 0.051418163828641734,
	"useSimilarAbility": 1.6583489348051517,
	"wX": 215.39129411960917,
	"wS": 7.0203476397338225,
	"wA": 0.3958316441822831,
	"wB": 0.17916631741512387,
	"wP": 83.83277942914636,
	"wU": 0.3284199607517061,
	"lX": 0.023446386069492255,
	"lS": 0.046242499465137366,
	"lA": 0.23679703153685597,
	"lB": 4.266795907453117,
	"lP": 0.5005596172706204,
	"lU": 0.5759811344280866,
	"oX": 9.544730509802413,
	"oS": 35.502159899530696,
	"oA": 1.8797108706115935,
	"oB": 10.687047533080165,
	"oP": 0.00997115965901628,
	"oU": 2.458747276528375,
	"wtX": 29.006814043297485,
	"wtS": 0.07451081465762521,
	"wtA": 0.1439666820454679,
	"wtB": 0.15205080772334922,
	"wtP": 0.2753012021948223,
	"wtU": 0.1945792668725041,
	"ltX": 39.480986173028185,
	"ltS": 28.037307713884076,
	"ltA": 4.499252013651057,
	"ltB": 0.3963861841780622,
	"ltP": 4.796040464444194,
	"ltU": 0.5310973939457999,
	"rank": 1
}
