{
	"oddsWeight": 0.0075341380752702155,
	"timeWeight": 0.0000012497878276099782,
	"winPercentageWeight": 0.14840684610646462,
	"crowdFavorWeight": 0.0000015468995777317357,
	"illumFavorWeight": 1.936014559920846e-7,
	"wX": 5561.557924088033,
	"wS": 238.88143026930265,
	"wA": 6.23485752441034,
	"wB": 0.022036941982344346,
	"wP": 0.013423850947628966,
	"wU": 0.009626217638027436,
	"lX": 5.738862980300184e-7,
	"lS": 0.09941100576707587,
	"lA": 21.869333702238354,
	"lB": 464.36682335358114,
	"lP": 0.00010649847181135945,
	"lU": 2.80099848885924,
	"oX": 0.00202280424230085,
	"oS": 180.2248017935279,
	"oA": 6.7505748763478275,
	"oB": 0.002498452100274913,
	"oP": 0.004428486797714376,
	"oU": 0.000007763900655099544,
	"wtX": 3.526146280733104,
	"wtS": 0.000002640011255270573,
	"wtA": 0.0010172071098101007,
	"wtB": 0.00039235472071927607,
	"wtP": 0.015634615416880753,
	"wtU": 0.000663720213875397,
	"ltX": 0.00002948095887590311,
	"ltS": 6.505691313887219,
	"ltA": 0.02279302763051188,
	"ltB": 0.00019917866641137722,
	"ltP": 0.002082044104928057,
	"ltU": 2.222472304283781e-7,
	"rank": 1
}
