{
    oddsWeight : 0.04459522299006137
    timeAveWin : 0.02213588810954802
    timeAveLose : 0.022952398404378266
    winPercentageWeight : 0.033676386243398505
    crowdFavorWeight : 0.057054205752362315
    illumFavorWeight : 0.0016509516110087808
    "wX" : 0.0007104143058675698
    "wS" : 0.03223441120893254
    "wA" : 0.0018753575864967884
    "wB" : 0.001602213370671085
    "wP" : 0.048012839832516516
    "wU" : 0.025675343692862864
    "lX" : 0.04459522299006137
    "lS" : 0.0401680772402864
    "lA" : 0.024256754722205752
    "lB" : 0.03879169762299998
    "lP" : 0.0013286842575837275
    "lU" : 0.04961189288685833
    "oX" : 0.00213181277083892
    "oS" : 0.06846301876102519
    "oA" : 0.02594013062389737
    "oB" : 0.0011135702292551172
    "oP" : 0.0014887168846758727
    "oU" : 0.02662051505345899
    "wtX" : 0.051983975170551734
    "wtS" : 0.0018753575864967884
    "wtA" : 0.020853045867275908
    "wtB" : 0.029226873552645805
    "wtP" : 0.0313659985676607
    "wtU" : 0.06776722378942693
    "ltX" : 0.030762244075271672
    "ltS" : 0.05340265346249365
    "ltA" : 0.02213588810954802
    "ltB" : 0.02185359981606181
    "ltP" : 0.05088707415434695
    "ltU" : 0.0012003386969684923
	"rank": 1
}
