{
	"oddsWeight": 1.0549966520931462,
	"timeWeight": 1.1031189409244249,
	"winPercentageWeight": 2.9077989478042916,
	"crowdFavorWeight": 0.005112205084118831,
	"illumFavorWeight": 0.00012091988364914996,
	"minimumCombinedConfidenceForLargeBet": 0.48436656617494533,
	"minimumMatchesForLargeBet": 4.010238368527831,
	"useMinCon": 0.09207601707935577,
	"useMinMat": 0.11168438672383378,
	"useSimilarAbility": 1.5940199534268533,
	"wX": 75.72081773128612,
	"wS": 4.446050435498266,
	"wA": 0.3958316441822831,
	"wB": 0.21452716623874007,
	"wP": 94.6607945687657,
	"wU": 0.3284199607517061,
	"lX": 0.031386742689349045,
	"lS": 0.0528898832275746,
	"lA": 0.23679703153685597,
	"lB": 2.2249085369097945,
	"lP": 1.3497754158286093,
	"lU": 0.5759811344280866,
	"oX": 30.848875408065442,
	"oS": 88.93619481622532,
	"oA": 1.0130400620460684,
	"oB": 3.9135281044766477,
	"oP": 1.0639248762090212,
	"oU": 2.8625219602163847,
	"wtX": 65.41423658383479,
	"wtS": 0.24564509064194154,
	"wtA": 0.7665176725386884,
	"wtB": 0.02434766938025773,
	"wtP": 0.6999303551497656,
	"wtU": 0.1945792668725041,
	"ltX": 30.011088094612226,
	"ltS": 40.99241754969083,
	"ltA": 5.174790332614436,
	"ltB": 0.4423742809713067,
	"ltP": 0.8504435722652295,
	"ltU": 0.6809271710393173,
	"rank": 1
}
