{
	"oddsWeight": 0.000305755117873736,
	"timeAveWin": 0.01351595298831257,
	"timeAveLose": 0.05578864692091752,
	"winPercentageWeight": 0.05504020059073194,
	"crowdFavorWeight": 0.002293800334223241,
	"illumFavorWeight": 0.010289478880225562,
	"wX": 0.0608484978294364,
	"wS": 0.03167417296969028,
	"wA": 0.018504231226302566,
	"wB": 0.0035253478077385465,
	"wP": 0.014790848994568017,
	"wU": 0.03523087108366955,
	"lX": 0.05477535072869706,
	"lS": 0.023682459129029367,
	"lA": 0.05360008088765466,
	"lB": 0.05996997878103573,
	"lP": 0.04379505784029603,
	"lU": 0.03125054375014114,
	"oX": 0.02276095180266236,
	"oS": 0.005765135088049425,
	"oA": 0.004714487204697321,
	"oB": 0.024928055687895866,
	"oP": 0.027918052127087322,
	"oU": 0.004632224228612996,
	"wtX": 0.023398419610829835,
	"wtS": 0.0032041944079257098,
	"wtA": 0.020276519656694702,
	"wtB": 0.048981087828980564,
	"wtP": 0.051232213547271296,
	"wtU": 0.0161447120237089,
	"ltX": 0.046070229142215036,
	"ltS": 0.05602491319138514,
	"ltA": 0.02867110910056048,
	"ltB": 0.0033365796851807577,
	"ltP": 0.001616680344191456,
	"ltU": 0.04144315946150709
}
