{
	"oddsWeight": 20.201457031648417,
	"timeAveWin": 0.11962138797100622,
	"timeAveLose": 0.09773751595673034,
	"winPercentageWeight": 0.007969524491441692,
	"crowdFavorWeight": 0.002652480475527358,
	"illumFavorWeight": 0.007621569736429843,
	"wX": 0.009830485460777288,
	"wS": 5.429675655190354,
	"wA": 0.49291651198760816,
	"wB": 8.265069626796953,
	"wP": 0.503425765610145,
	"wU": 1.5592817876173457,
	"lX": 3.223038106816244,
	"lS": 7.564850426971336,
	"lA": 0.19566414806416857,
	"lB": 8.077162988232168,
	"lP": 5.4817045956477894,
	"lU": 0.007972070158650018,
	"oX": 1.7686242090352153,
	"oS": 5.570044846819416,
	"oA": 0.21498822835314488,
	"oB": 0.007112414446230737,
	"oP": 0.0006540988070363246,
	"oU": 5.7617382265617305,
	"wtX": 2.7348277485798635,
	"wtS": 1.928636625536051,
	"wtA": 0.009174018565891359,
	"wtB": 0.7270741423607545,
	"wtP": 5.998573987346342,
	"wtU": 3.5789325737643267,
	"ltX": 1.2567111271689393,
	"ltS": 4.2692086556479225,
	"ltA": 0.009756691278940884,
	"ltB": 0.00894163834252522,
	"ltP": 2.0955367759952117,
	"ltU": 2.811812312557353
}
