{
	"oddsWeight": 0.008879806827710071,
	"timeAveWin": 14.531088719912661,
	"timeAveLose": 0.009985258678989702,
	"winPercentageWeight": 0.21220019603235357,
	"crowdFavorWeight": 0.008900493568839709,
	"illumFavorWeight": 0.009972010502637985,
	"wX": 5.1620081432404294,
	"wS": 4.895760460421112,
	"wA": 2.6616287733955457,
	"wB": 4.31953394406177,
	"wP": 4.118959776022267,
	"wU": 0.007404073603478655,
	"lX": 3.2890377509829696,
	"lS": 2.2802128854692754,
	"lA": 2.647489438845292,
	"lB": 0.3888223574483914,
	"lP": 6.425466052370301,
	"lU": 0.009794169692906002,
	"oX": 5.440102290717917,
	"oS": 0.18780996463252309,
	"oA": 4.457753882645237,
	"oB": 5.125937525363472,
	"oP": 0.009922520856020052,
	"oU": 0.009917010297744784,
	"wtX": 0.009216775504312649,
	"wtS": 0.6624783755036396,
	"wtA": 1.3583305551945466,
	"wtB": 2.9043178267246437,
	"wtP": 10.872958551903526,
	"wtU": 0.008954431899714196,
	"ltX": 4.581651477946226,
	"ltS": 2.315293367079815,
	"ltA": 4.883892226603895,
	"ltB": 0.2213563981463859,
	"ltP": 1.4399546160399714,
	"ltU": 4.5230078918634895
}
