{
	"oddsWeight": 0.057906542117523725,
	"timeAveWin": 0.014320747069338592,
	"timeAveLose": 0.015549057471856463,
	"winPercentageWeight": 0.018365772137641286,
	"crowdFavorWeight": 0.007349682735606051,
	"illumFavorWeight": 0.007066776053890549,
	"wX": 0.004659273576774865,
	"wS": 0.04717124549230338,
	"wA": 0.054736375418420184,
	"wB": 0.01946114079611214,
	"wP": 0.010388523126089452,
	"wU": 0.009195300327147134,
	"lX": 0.029869993919314292,
	"lS": 0.04228167956345927,
	"lA": 0.005204125300215469,
	"lB": 0.029593527952662423,
	"lP": 0.05612754292183667,
	"lU": 0.004738941272300012,
	"oX": 0.029975076378808075,
	"oS": 0.06624250443049856,
	"oA": 0.04170467102212334,
	"oB": 0.0015581636215232261,
	"oP": 0.0064445870357843545,
	"oU": 0.0026598397233858133,
	"wtX": 0.06671814075246689,
	"wtS": 0.06634867733866998,
	"wtA": 0.060358558461031,
	"wtB": 0.024495096602295992,
	"wtP": 0.013297775764161662,
	"wtU": 0.0010374106486647802,
	"ltX": 0.0031699025717164208,
	"ltS": 0.03856679685920693,
	"ltA": 0.019651400777639858,
	"ltB": 0.047095047515001376,
	"ltP": 0.06532544778825386,
	"ltU": 0.011364655456275857
}
